((("Dispose" .
   [1 0 0 0 0 0 0])
  ("Tmp" .
   [1 0 0])
  ("Temp" .
   [1 0 0 0])
  ("Polar" .
   [1 0 0 0 0])
  ("imag" .
   [9 0 0 0])
  ("Complex" .
   [7 0 0 0 0 0 0])
  ("polar" .
   [0 0 0 0 1])
  ("LENG" .
   [5 0 0 0])
  ("polor" .
   [3 0 0 0 0])
  ("complex" .
   [6 0 0 0 0 0 0])
  ("real" .
   [11 0 0 0])
  ("nextLine" .
   [0 0 0 0 0 1 0 0])
  ("String" .
   [2 0 0 0 0 0])
  ("private" .
   [0 0 0 0 1 0 0])
  ("Collections" .
   [1 0 0 0 0 0 0 0 0 0 0])
  ("util" .
   [2 0 0 0])
  ("java" .
   [3 0 0 0])
  ("ArrayList" .
   [2 0 0 0 0 0 0 0 0])
  ("add" .
   [2 0 0])
  ("BigDecimal" .
   [3 0 0 0 8 2 0 0 0 0])
  ("nextDouble" .
   [2 0 0 0 0 0 0 0 0 0])
  ("mnt" .
   [2 0 0])
  ("cmptime" .
   [2 0 0 1 0 0 0])
  ("cmpdate" .
   [5 0 1 0 0 0 0])
  ("week" .
   [2 0 0 0])
  ("sec" .
   [5 0 0])
  ("hor" .
   [5 0 0])
  ("year" .
   [3 0 0 0])
  ("Query" .
   [2 0 0 1 0])
  ("Hash" .
   [6 0 0 0])
  ("min" .
   [4 0 0])
  ("upper_bound" .
   [0 0 0 0 0 1 0 0 0 0 0])
  ("end" .
   [2 0 1])
  ("lower_bound" .
   [1 0 0 1 0 0 1 0 0 0 0])
  ("acos" .
   [1 0 0 0])
  ("valueOf" .
   [1 0 1 0 0 1 0])
  ("kind" .
   [5 0 0 0])
  ("Rand" .
   [1 0 0 0])
  ("rand" .
   [2 0 0 0])
  ("second" .
   [1 0 0 0 0 0])
  ("mmp" .
   [4 0 0])
  ("EPS" .
   [3 0 0])
  ("arg" .
   [8 0 0])
  ("fi" .
   [2 0])
  ("sort" .
   [8 0 0 0])
  ("Sum" .
   [15 0 0])
  ("Add" .
   [4 0 0])
  ("cout" .
   [1 0 0 0])
  ("clear" .
   [2 0 0 0 0])
  ("push_back" .
   [7 0 2 0 0 0 0 0 0])
  ("vector" .
   [4 0 0 0 0 0])
  ("clr" .
   [2 0 0])
  ("lab" .
   [31 0 0])
  ("Set" .
   [10 0 0])
  ("Joke" .
   [6 0 0 0])
  ("ll" .
   [2 0])
  ("erase" .
   [1 0 0 0 0])
  ("set" .
   [3 0 0])
  ("it1" .
   [9 0 0])
  ("it2" .
   [17 0 0])
  ("dir" .
   [6 0 0])
  ("insert" .
   [3 0 0 0 0 0])
  ("stdin" .
   [1 0 0 0 0])
  ("hasNext" .
   [1 0 0 0 0 0 0])
  ("itr" .
   [1 0 0])
  ("view" .
   [8 0 0 0])
  ("ctr" .
   [6 0 0])
  ("Poly" .
   [3 0 0 0])
  ("center" .
   [1 0 0 0 0 0])
  ("delta" .
   [4 0 0 0 0])
  ("operator" .
   [0 0 1 0 2 0 0 0])
  ("getchar" .
   [8 0 0 1 0 0 0])
  ("Dot" .
   [1 0 0])
  ("Cross" .
   [1 0 0 0 0])
  ("Sqr" .
   [10 0 0])
  ("Dist" .
   [3 0 0 0])
  ("puts" .
   [11 0 0 0])
  ("top" .
   [2 0 0])
  ("idx" .
   [41 0 0])
  ("Point" .
   [24 0 1 0 0])
  ("Build" .
   [7 0 0 0 0])
  ("Minimum" .
   [1 0 0 0 0 0 0])
  ("Maximum" .
   [1 0 0 0 0 0 0])
  ("max" .
   [5 0 0])
  ("INT_MIN" .
   [3 0 0 0 0 0 0])
  ("INT_MAX" .
   [3 0 0 0 0 0 0])
  ("Change" .
   [1 0 0 0 0 0])
  ("Max" .
   [12 0 0])
  ("SIZE" .
   [37 0 0 1])
  ("Min" .
   [10 0 0])
  ("MAX" .
   [4 0 0])
  ("MIN" .
   [5 0 0])
  ("opt" .
   [5 0 0])
  ("scanf" .
   [46 0 0 0 0])
  ("float_f2i" .
   [0 0 0 1 0 0 0 0 0])
  ("return" .
   [0 0 2 1 1 0])
  ("sign" .
   [2 0 0 0])
  ("Bias" .
   [2 0 0 0])
  ("threefourths" .
   [1 0 3 2 0 1 0 0 0 0 0 0])
  ("NULL" .
   [4 0 1 0])
  ("size" .
   [11 0 0 1])
  ("nmemb" .
   [0 0 0 3 0])
  ("buf" .
   [1 0 0])
  ("val" .
   [3 0 0])
  ("maxbytes" .
   [2 0 0 0 0 0 0 0])
  ("any_odd_one" .
   [0 0 1 2 0 0 0 0 0 0 0])
  ("size_t" .
   [0 0 0 0 4 0])
  ("byte_pointer" .
   [1 0 2 1 2 0 0 0 0 0 0 0])
  ("replace_byte" .
   [0 0 0 0 0 2 0 0 0 0 0 0])
  ("shell-command" .
   [3 0 0 0 0 0 0 0 0 0 1 0 0])
  ("printf" .
   [32 0 1 0 0 0])
  ("include" .
   [0 0 0 0 1 0 0])
  ("public" .
   [0 0 3 1 0 0])
  ("static" .
   [0 0 0 2 0 0])
  ("void" .
   [0 0 1 0])
  ("shell" .
   [3 0 0 0 0])
  ("unsigned" .
   [0 0 6 1 6 0 0 0])
  ("start" .
   [1 0 0 0 0])
  ("show_bytes" .
   [0 0 0 0 4 0 0 0 0 0])
  ("mx" .
   [1 0])
  ("lower_one_mask" .
   [0 0 0 2 0 0 0 0 0 0 0 0 0 0])
  ("f2u" .
   [4 0 0])
  ("ans" .
   [67 0 0])
  ("float" .
   [0 0 1 1 0])
  ("float_le" .
   [2 0 1 0 0 0 0 0])
  ("float_bits" .
   [0 0 2 4 1 0 0 0 0 0])
  ("exp" .
   [6 0 0])
  ("frac" .
   [4 0 0 0])
  ("float_negate" .
   [0 0 0 1 0 0 0 0 1 0 0 0])
  ("memcpy" .
   [1 0 0 0 0 0])
  ("u2f" .
   [1 0 0])
  ("Case" .
   [18 0 0 0])
  ("tmp" .
   [27 0 0])
  ("now" .
   [35 0 0])
  ("string" .
   [5 0 0 0 0 0])
  ("assign" .
   [3 0 0 0 0 0])
  ("swap" .
   [4 0 0 0])
  ("pop" .
   [1 0 0])
  ("Swap" .
   [1 0 0 0])
  ("Scanner" .
   [3 0 0 0 0 0 0])
  ("Read" .
   [20 0 0 0])
  ("pair" .
   [10 0 0 0])
  ("stdc" .
   [0 0 0 1])
  ("eps" .
   [2 0 0])
  ("ansx" .
   [2 0 0 0])
  ("ansy" .
   [1 0 0 0])
  ("sum" .
   [55 0 0])
  ("MOD" .
   [3 0 0])
  ("memset" .
   [1 0 0 0 0 0])
  ("Max1" .
   [2 0 0 0])
  ("Max2" .
   [1 0 0 0])
  ("Find1" .
   [2 0 0 0 0])
  ("max1" .
   [1 0 0 0])
  ("Find2" .
   [2 0 0 0 0])
  ("max2" .
   [1 0 0 0])
  ("Find" .
   [3 0 0 0])
  ("sum1" .
   [9 0 0 0])
  ("lab2" .
   [11 0 0 0])
  ("sum2" .
   [8 0 0 0])
  ("lab1" .
   [8 0 0 0])
  ("mid" .
   [20 0 0])
  ("freopen" .
   [2 0 0 0 0 0 0])
  ("num" .
   [55 0 0])
  ("Calc" .
   [6 0 0 0])
  ("abs" .
   [1 0 0])
  ("sqrt" .
   [20 0 0 0])
  ("flag" .
   [31 0 0 0])
  ("ang" .
   [1 0 0])
  ("typedef" .
   [0 0 0 0 0 1 0])
  ("log" .
   [5 0 0])
  ("pow" .
   [2 0 0])
  ("From" .
   [2 0 0 0])
  ("DFS" .
   [10 0 0])
  ("Num" .
   [2 0 0])
  ("Tar" .
   [2 0 0])
  ("Last" .
   [1 1 0 0])
  ("used" .
   [4 0 1 0])
  ("Flag" .
   [1 0 0 0])
  ("AddEdge" .
   [3 0 0 0 0 0 0])
  ("Head" .
   [5 0 0 0])
  ("Next" .
   [6 0 0 0])
  ("Link" .
   [5 0 0 0])
  ("tot" .
   [1 0 0])
  ("nextInt" .
   [2 0 0 0 2 0 0])
  ("BigInteger" .
   [1 0 0 11 1 4 0 0 0 0])
  ("multiply" .
   [0 0 0 3 0 0 0 0])
  ("System" .
   [6 0 0 1 0 0])
  ("println" .
   [4 0 0 0 0 0 0])
  ("dfn" .
   [6 0 0])
  ("Segment" .
   [6 0 0 0 0 0 0])
  ("binary_search" .
   [0 0 0 1 0 0 0 0 0 0 0 0 0])
  ("FloodFill" .
   [1 0 0 1 0 1 0 0 0])
  ("front" .
   [2 0 0 0 0])
  ("multiset" .
   [1 0 0 0 0 1 0 0])
  ("iterator" .
   [0 0 0 0 0 1 0 0])
  ("it" .
   [5 0])
  ("empty" .
   [1 0 0 0 0])
  ("begin" .
   [1 0 0 0 0])
  ("ret" .
   [1 0 0])
  ("DFT" .
   [6 0 0])
  ("Tree" .
   [11 0 0 0])
  ("min_element" .
   [0 0 0 0 0 0 0 1 0 0 0])
  ("Node" .
   [4 0 0 0])
  ("key" .
   [6 0 0])
  ("Merge" .
   [3 0 0 0 0])
  ("dis" .
   [10 0 0])))
